   2.6659144e-01   9.2147823e-02   0.0000000e+00   7.5080155e-02   6.2683908e-01   1.1649535e+00   3.9433003e-01
   3.9433003e-01   2.6659144e-01   9.2147823e-02   3.5160690e-01   7.5080155e-02   6.2683908e-01   4.6627015e-01
   4.6627015e-01   3.9433003e-01   2.6659144e-01  -6.9651254e-01   3.5160690e-01   7.5080155e-02   4.3296493e-01
   4.3296493e-01   4.6627015e-01   3.9433003e-01   1.6961425e+00  -6.9651254e-01   3.5160690e-01   4.5821312e-01
   4.5821312e-01   4.3296493e-01   4.6627015e-01   5.9059778e-02   1.6961425e+00  -6.9651254e-01   5.4710691e-01
   5.4710691e-01   4.5821312e-01   4.3296493e-01   1.7970718e+00   5.9059778e-02   1.6961425e+00   6.9391566e-01
   6.9391566e-01   5.4710691e-01   4.5821312e-01   2.6406853e-01   1.7970718e+00   5.9059778e-02   8.5658439e-01
   8.5658439e-01   6.9391566e-01   5.4710691e-01   8.7167329e-01   2.6406853e-01   1.7970718e+00   9.5855156e-01
   9.5855156e-01   8.5658439e-01   6.9391566e-01  -1.4461715e+00   8.7167329e-01   2.6406853e-01   8.7109372e-01
   8.7109372e-01   9.5855156e-01   8.5658439e-01  -7.0116535e-01  -1.4461715e+00   8.7167329e-01   5.8112882e-01
   5.8112882e-01   8.7109372e-01   9.5855156e-01   1.2459821e+00  -7.0116535e-01  -1.4461715e+00   4.0042713e-01
   4.0042713e-01   5.8112882e-01   8.7109372e-01  -6.3897700e-01   1.2459821e+00  -7.0116535e-01   2.8475985e-01
   2.8475985e-01   4.0042713e-01   5.8112882e-01   5.7735022e-01  -6.3897700e-01   1.2459821e+00   1.8990085e-01
   1.8990085e-01   2.8475985e-01   4.0042713e-01  -3.6002963e-01   5.7735022e-01  -6.3897700e-01   1.2411365e-01
   1.2411365e-01   1.8990085e-01   2.8475985e-01  -1.3557629e-01  -3.6002963e-01   5.7735022e-01   3.7396069e-02
   3.7396069e-02   1.2411365e-01   1.8990085e-01  -1.3493385e+00  -1.3557629e-01  -3.6002963e-01  -1.3458042e-01
  -1.3458042e-01   3.7396069e-02   1.2411365e-01  -1.2704499e+00  -1.3493385e+00  -1.3557629e-01  -4.1650534e-01
  -4.1650534e-01  -1.3458042e-01   3.7396069e-02   9.8457027e-01  -1.2704499e+00  -1.3493385e+00  -5.5404279e-01
  -5.5404279e-01  -4.1650534e-01  -1.3458042e-01  -4.4880614e-02   9.8457027e-01  -1.2704499e+00  -5.2119623e-01
  -5.2119623e-01  -5.5404279e-01  -4.1650534e-01  -7.9894452e-01  -4.4880614e-02   9.8457027e-01  -5.1673574e-01
  -5.1673574e-01  -5.2119623e-01  -5.5404279e-01  -7.6517243e-01  -7.9894452e-01  -4.4880614e-02  -5.7772288e-01
  -5.7772288e-01  -5.1673574e-01  -5.2119623e-01   8.6173490e-01  -7.6517243e-01  -7.9894452e-01  -5.4153882e-01
  -5.4153882e-01  -5.7772288e-01  -5.1673574e-01  -5.6225124e-02   8.6173490e-01  -7.6517243e-01  -4.1371711e-01
  -4.1371711e-01  -5.4153882e-01  -5.7772288e-01   5.1347817e-01  -5.6225124e-02   8.6173490e-01  -2.5911127e-01
  -2.5911127e-01  -4.1371711e-01  -5.4153882e-01   3.9668087e-01   5.1347817e-01  -5.6225124e-02  -7.4438780e-02
  -7.4438780e-02  -2.5911127e-01  -4.1371711e-01   7.5621897e-01   3.9668087e-01   5.1347817e-01   1.3112159e-01
   1.3112159e-01  -7.4438780e-02  -2.5911127e-01   4.0048602e-01   7.5621897e-01   3.9668087e-01   3.2526383e-01
   3.2526383e-01   1.3112159e-01  -7.4438780e-02  -1.3413807e+00   4.0048602e-01   7.5621897e-01   3.3201355e-01
   3.3201355e-01   3.2526383e-01   1.3112159e-01   3.7504102e-01  -1.3413807e+00   4.0048602e-01   2.4369234e-01
   2.4369234e-01   3.3201355e-01   3.2526383e-01   1.1251618e+00   3.7504102e-01  -1.3413807e+00   2.8048170e-01
   2.8048170e-01   2.4369234e-01   3.3201355e-01   7.2864159e-01   1.1251618e+00   3.7504102e-01   4.0840923e-01
   4.0840923e-01   2.8048170e-01   2.4369234e-01  -2.3774543e+00   7.2864159e-01   1.1251618e+00   3.0695447e-01
   3.0695447e-01   4.0840923e-01   2.8048170e-01  -2.7378242e-01  -2.3774543e+00   7.2864159e-01   3.4848057e-02
   3.4848057e-02   3.0695447e-01   4.0840923e-01  -3.2293992e-01  -2.7378242e-01  -2.3774543e+00  -1.7742753e-01
  -1.7742753e-01   3.4848057e-02   3.0695447e-01   3.1798792e-01  -3.2293992e-01  -2.7378242e-01  -2.8533931e-01
  -2.8533931e-01  -1.7742753e-01   3.4848057e-02  -5.1117221e-01   3.1798792e-01  -3.2293992e-01  -3.4215924e-01
  -3.4215924e-01  -2.8533931e-01  -1.7742753e-01  -2.0413453e-03  -5.1117221e-01   3.1798792e-01  -3.7766882e-01
  -3.7766882e-01  -3.4215924e-01  -2.8533931e-01   1.6065110e+00  -2.0413453e-03  -5.1117221e-01  -2.3551075e-01
  -2.3551075e-01  -3.7766882e-01  -3.4215924e-01   8.4764863e-01   1.6065110e+00  -2.0413453e-03   4.8153331e-02
   4.8153331e-02  -2.3551075e-01  -3.7766882e-01   2.6810081e-01   8.4764863e-01   1.6065110e+00   2.9342076e-01
   2.9342076e-01   4.8153331e-02  -2.3551075e-01  -9.2348909e-01   2.6810081e-01   8.4764863e-01   3.5849746e-01
   3.5849746e-01   2.9342076e-01   4.8153331e-02  -7.0499388e-02  -9.2348909e-01   2.6810081e-01   2.9570432e-01
   2.9570432e-01   3.5849746e-01   2.9342076e-01   1.4789135e-01  -7.0499388e-02  -9.2348909e-01   2.3581517e-01
   2.3581517e-01   2.9570432e-01   3.5849746e-01  -5.5709364e-01   1.4789135e-01  -7.0499388e-02   1.4237451e-01
   1.4237451e-01   2.3581517e-01   2.9570432e-01  -3.3670570e-01  -5.5709364e-01   1.4789135e-01   7.9533995e-03
   7.9533995e-03   1.4237451e-01   2.3581517e-01   4.1522746e-01  -3.3670570e-01  -5.5709364e-01  -6.4016148e-02
  -6.4016148e-02   7.9533995e-03   1.4237451e-01   1.5578135e+00   4.1522746e-01  -3.3670570e-01   4.9582734e-02
   4.9582734e-02  -6.4016148e-02   7.9533995e-03  -2.4442989e+00   1.5578135e+00   4.1522746e-01   2.4551872e-02
   2.4551872e-02   4.9582734e-02  -6.4016148e-02  -1.0981954e+00  -2.4442989e+00   1.5578135e+00  -2.4340214e-01
  -2.4340214e-01   2.4551872e-02   4.9582734e-02   1.1226479e+00  -1.0981954e+00  -2.4442989e+00  -3.6690122e-01
  -3.6690122e-01  -2.4340214e-01   2.4551872e-02   5.8166726e-01   1.1226479e+00  -1.0981954e+00  -2.8497751e-01
  -2.8497751e-01  -3.6690122e-01  -2.4340214e-01  -2.7135430e-01   5.8166726e-01   1.1226479e+00  -1.9010167e-01
  -1.9010167e-01  -2.8497751e-01  -3.6690122e-01   4.1419131e-01  -2.7135430e-01   5.8166726e-01  -9.9455854e-02
  -9.9455854e-02  -1.9010167e-01  -2.8497751e-01  -9.7781423e-01   4.1419131e-01  -2.7135430e-01  -8.4448528e-02
  -8.4448528e-02  -9.9455854e-02  -1.9010167e-01  -1.0214662e+00  -9.7781423e-01   4.1419131e-01  -2.1336163e-01
  -2.1336163e-01  -8.4448528e-02  -9.9455854e-02   3.1768798e-01  -1.0214662e+00  -9.7781423e-01  -3.1401606e-01
  -3.1401606e-01  -2.1336163e-01  -8.4448528e-02   1.5161078e+00   3.1768798e-01  -1.0214662e+00  -2.0334688e-01
  -2.0334688e-01  -3.1401606e-01  -2.1336163e-01   7.4943245e-01   1.5161078e+00   3.1768798e-01   4.4259465e-02
   4.4259465e-02  -2.0334688e-01  -3.1401606e-01  -5.0770039e-01   7.4943245e-01   1.5161078e+00   2.0009194e-01
   2.0009194e-01   4.4259465e-02  -2.0334688e-01   8.8529945e-01  -5.0770039e-01   7.4943245e-01   3.1117430e-01
   3.1117430e-01   2.0009194e-01   4.4259465e-02  -2.4809355e-01   8.8529945e-01  -5.0770039e-01   3.8785022e-01
   3.8785022e-01   3.1117430e-01   2.0009194e-01  -7.2624900e-01  -2.4809355e-01   8.8529945e-01   3.2255796e-01
   3.2255796e-01   3.8785022e-01   3.1117430e-01  -4.4504030e-01  -7.2624900e-01  -2.4809355e-01   1.6777490e-01
   1.6777490e-01   3.2255796e-01   3.8785022e-01  -6.1291112e-01  -4.4504030e-01  -7.2624900e-01  -2.0679012e-02
  -2.0679012e-02   1.6777490e-01   3.2255796e-01  -2.0914408e-01  -6.1291112e-01  -4.4504030e-01  -1.9050043e-01
  -1.9050043e-01  -2.0679012e-02   1.6777490e-01   5.6214783e-01  -2.0914408e-01  -6.1291112e-01  -2.4447008e-01
  -2.4447008e-01  -1.9050043e-01  -2.0679012e-02  -1.0639229e+00   5.6214783e-01  -2.0914408e-01  -2.9994411e-01
  -2.9994411e-01  -2.4447008e-01  -1.9050043e-01   3.5158895e-01  -1.0639229e+00   5.6214783e-01  -3.4775929e-01
  -3.4775929e-01  -2.9994411e-01  -2.4447008e-01   1.1329999e+00   3.5158895e-01  -1.0639229e+00  -2.2977642e-01
  -2.2977642e-01  -3.4775929e-01  -2.9994411e-01   1.4999425e-01   1.1329999e+00   3.5158895e-01  -4.8198111e-02
  -4.8198111e-02  -2.2977642e-01  -3.4775929e-01   7.0314405e-01   1.4999425e-01   1.1329999e+00   1.3226421e-01
   1.3226421e-01  -4.8198111e-02  -2.2977642e-01  -5.2411585e-02   7.0314405e-01   1.4999425e-01   2.7172455e-01
   2.7172455e-01   1.3226421e-01  -4.8198111e-02   2.0184961e+00  -5.2411585e-02   7.0314405e-01   4.8600685e-01
   4.8600685e-01   2.7172455e-01   1.3226421e-01   9.2415940e-01   2.0184961e+00  -5.2411585e-02   7.7680898e-01
   7.7680898e-01   4.8600685e-01   2.7172455e-01  -1.8141147e+00   9.2415940e-01   2.0184961e+00   7.9592395e-01
   7.9592395e-01   7.7680898e-01   4.8600685e-01   3.4973320e-02  -1.8141147e+00   9.2415940e-01   6.1147059e-01
   6.1147059e-01   7.9592395e-01   7.7680898e-01  -1.8078621e+00   3.4973320e-02  -1.8141147e+00   2.9945123e-01
   2.9945123e-01   6.1147059e-01   7.9592395e-01   1.0281925e+00  -1.8078621e+00   3.4973320e-02   4.1485688e-02
   4.1485688e-02   2.9945123e-01   6.1147059e-01   3.9460031e-01   1.0281925e+00  -1.8078621e+00  -1.8962259e-02
  -1.8962259e-02   4.1485688e-02   2.9945123e-01   6.3940564e-01   3.9460031e-01   1.0281925e+00   2.3251298e-02
   2.3251298e-02  -1.8962259e-02   4.1485688e-02   8.7421289e-01   6.3940564e-01   3.9460031e-01   1.5856607e-01
   1.5856607e-01   2.3251298e-02  -1.8962259e-02   1.7524017e+00   8.7421289e-01   6.3940564e-01   4.2234519e-01
   4.2234519e-01   1.5856607e-01   2.3251298e-02  -3.2005083e-01   1.7524017e+00   8.7421289e-01   6.3318603e-01
   6.3318603e-01   4.2234519e-01   1.5856607e-01  -1.3741381e-01  -3.2005083e-01   1.7524017e+00   6.6719353e-01
   6.6719353e-01   6.3318603e-01   4.2234519e-01   6.1576963e-01  -1.3741381e-01  -3.2005083e-01   6.6243421e-01
   6.6243421e-01   6.6719353e-01   6.3318603e-01   9.7789407e-01   6.1576963e-01  -1.3741381e-01   7.1366866e-01
   7.1366866e-01   6.6243421e-01   6.6719353e-01  -1.1153477e+00   9.7789407e-01   6.1576963e-01   6.5254184e-01
   6.5254184e-01   7.1366866e-01   6.6243421e-01  -5.5002145e-01  -1.1153477e+00   9.7789407e-01   4.3389714e-01
   4.3389714e-01   6.5254184e-01   7.1366866e-01   3.9884853e-02  -5.5002145e-01  -1.1153477e+00   2.2547882e-01
   2.2547882e-01   4.3389714e-01   6.5254184e-01  -2.4828425e+00   3.9884853e-02  -5.5002145e-01  -1.1653034e-01
  -1.1653034e-01   2.2547882e-01   4.3389714e-01   1.1586547e+00  -2.4828425e+00   3.9884853e-02  -3.8701660e-01
  -3.8701660e-01  -1.1653034e-01   2.2547882e-01  -1.0262795e+00   1.1586547e+00  -2.4828425e+00  -5.1701411e-01
  -5.1701411e-01  -3.8701660e-01  -1.1653034e-01   1.1534870e+00  -1.0262795e+00   1.1586547e+00  -5.2291671e-01
  -5.2291671e-01  -5.1701411e-01  -3.8701660e-01  -7.8645661e-01   1.1534870e+00  -1.0262795e+00  -4.6061871e-01
  -4.6061871e-01  -5.2291671e-01  -5.1701411e-01   6.3480859e-01  -7.8645661e-01   1.1534870e+00  -3.8039932e-01
  -3.8039932e-01  -4.6061871e-01  -5.2291671e-01   8.2040976e-01   6.3480859e-01  -7.8645661e-01  -1.8736973e-01
  -1.8736973e-01  -3.8039932e-01  -4.6061871e-01  -1.7602651e-01   8.2040976e-01   6.3480859e-01  -1.1113731e-02
  -1.1113731e-02  -1.8736973e-01  -3.8039932e-01   5.6247387e-01  -1.7602651e-01   8.2040976e-01   1.2956067e-01
   1.2956067e-01  -1.1113731e-02  -1.8736973e-01  -1.2744288e-01   5.6247387e-01  -1.7602651e-01   2.2979626e-01
   2.2979626e-01   1.2956067e-01  -1.1113731e-02   5.5417156e-01  -1.2744288e-01   5.6247387e-01   3.0351420e-01
   3.0351420e-01   2.2979626e-01   1.2956067e-01  -1.0973443e+00   5.5417156e-01  -1.2744288e-01   2.6894794e-01
   2.6894794e-01   3.0351420e-01   2.2979626e-01  -7.3130140e-01  -1.0973443e+00   5.5417156e-01   9.0542488e-02
   9.0542488e-02   2.6894794e-01   3.0351420e-01   1.4047319e+00  -7.3130140e-01  -1.0973443e+00   3.5713016e-02
   3.5713016e-02   9.0542488e-02   2.6894794e-01  -6.2021421e-01   1.4047319e+00  -7.3130140e-01   4.3911669e-02
   4.3911669e-02   3.5713016e-02   9.0542488e-02   2.3714877e-01  -6.2021421e-01   1.4047319e+00   2.1889945e-02
   2.1889945e-02   4.3911669e-02   3.5713016e-02  -1.5868470e+00   2.3714877e-01  -6.2021421e-01  -1.0324073e-01
  -1.0324073e-01   2.1889945e-02   4.3911669e-02  -4.0148481e-01  -1.5868470e+00   2.3714877e-01  -3.0699979e-01
  -3.0699979e-01  -1.0324073e-01   2.1889945e-02  -7.7069227e-01  -4.0148481e-01  -1.5868470e+00  -4.8852496e-01
  -4.8852496e-01  -3.0699979e-01  -1.0324073e-01  -2.6268051e-01  -7.7069227e-01  -4.0148481e-01  -6.2341845e-01
  -6.2341845e-01  -4.8852496e-01  -3.0699979e-01   9.7648954e-01  -2.6268051e-01  -7.7069227e-01  -5.8490429e-01
  -5.8490429e-01  -6.2341845e-01  -4.8852496e-01   9.7781504e-01   9.7648954e-01  -2.6268051e-01  -3.6196466e-01
  -3.6196466e-01  -5.8490429e-01  -6.2341845e-01   1.1700211e+00   9.7781504e-01   9.7648954e-01  -3.3581074e-02
  -3.3581074e-02  -3.6196466e-01  -5.8490429e-01   1.5931086e-01   1.1700211e+00   9.7781504e-01   2.5970098e-01
   2.5970098e-01  -3.3581074e-02  -3.6196466e-01   4.9952085e-01   1.5931086e-01   1.1700211e+00   4.6244019e-01
   4.6244019e-01   2.5970098e-01  -3.3581074e-02  -1.0553751e+00   4.9952085e-01   1.5931086e-01   4.9030549e-01
   4.9030549e-01   4.6244019e-01   2.5970098e-01  -4.5074320e-01  -1.0553751e+00   4.9952085e-01   3.5320721e-01
   3.5320721e-01   4.9030549e-01   4.6244019e-01   1.2703782e+00  -4.5074320e-01  -1.0553751e+00   3.0600251e-01
   3.0600251e-01   3.5320721e-01   4.9030549e-01   8.9869360e-01   1.2703782e+00  -4.5074320e-01   4.0367752e-01
   4.0367752e-01   3.0600251e-01   3.5320721e-01   4.3870510e-01   8.9869360e-01   1.2703782e+00   5.1848133e-01
   5.1848133e-01   4.0367752e-01   3.0600251e-01  -1.2473443e+00   4.3870510e-01   8.9869360e-01   4.6836615e-01
   4.6836615e-01   5.1848133e-01   4.0367752e-01   3.2466692e-01  -1.2473443e+00   4.3870510e-01   3.3465082e-01
   3.3465082e-01   4.6836615e-01   5.1848133e-01   3.9007041e-01   3.2466692e-01  -1.2473443e+00   2.7359197e-01
   2.7359197e-01   3.3465082e-01   4.6836615e-01  -4.0513832e-01   3.9007041e-01   3.2466692e-01   2.0402608e-01
   2.0402608e-01   2.7359197e-01   3.3465082e-01   2.9231488e-01  -4.0513832e-01   3.9007041e-01   1.3803939e-01
   1.3803939e-01   2.0402608e-01   2.7359197e-01   2.5659102e+00   2.9231488e-01  -4.0513832e-01   3.0714537e-01
   3.0714537e-01   1.3803939e-01   2.0402608e-01  -4.5781564e-01   2.5659102e+00   2.9231488e-01   5.1531465e-01
   5.1531465e-01   3.0714537e-01   1.3803939e-01  -1.6108270e+00  -4.5781564e-01   2.5659102e+00   4.3342062e-01
   4.3342062e-01   5.1531465e-01   3.0714537e-01  -2.6695238e+00  -1.6108270e+00  -4.5781564e-01   2.2678166e-02
   2.2678166e-02   4.3342062e-01   5.1531465e-01  -7.5969665e-01  -2.6695238e+00  -1.6108270e+00  -4.6730632e-01
  -4.6730632e-01   2.2678166e-02   4.3342062e-01  -6.7472086e-01  -7.5969665e-01  -2.6695238e+00  -8.2317380e-01
  -8.2317380e-01  -4.6730632e-01   2.2678166e-02  -1.1716872e+00  -6.7472086e-01  -7.5969665e-01  -1.0966916e+00
  -1.0966916e+00  -8.2317380e-01  -4.6730632e-01   2.0329300e+00  -1.1716872e+00  -6.7472086e-01  -1.0734248e+00
  -1.0734248e+00  -1.0966916e+00  -8.2317380e-01   9.6848105e-01   2.0329300e+00  -1.1716872e+00  -7.4224215e-01
  -7.4224215e-01  -1.0734248e+00  -1.0966916e+00   6.7029200e-01   9.6848105e-01   2.0329300e+00  -3.5135411e-01
  -3.5135411e-01  -7.4224215e-01  -1.0734248e+00   4.2014604e-01   6.7029200e-01   9.6848105e-01  -2.0545530e-03
  -2.0545530e-03  -3.5135411e-01  -7.4224215e-01  -2.8727513e+00   4.2014604e-01   6.7029200e-01   1.0811809e-02
   1.0811809e-02  -2.0545530e-03  -3.5135411e-01   1.6858741e+00  -2.8727513e+00   4.2014604e-01  -4.1343804e-02
  -4.1343804e-02   1.0811809e-02  -2.0545530e-03   2.7924554e-02   1.6858741e+00  -2.8727513e+00   4.5983550e-02
   4.5983550e-02  -4.1343804e-02   1.0811809e-02  -9.0203058e-01   2.7924554e-02   1.6858741e+00   2.4951726e-02
   2.4951726e-02   4.5983550e-02  -4.1343804e-02  -2.0532575e+00  -9.0203058e-01   2.7924554e-02  -2.1302765e-01
  -2.1302765e-01   2.4951726e-02   4.5983550e-02   8.9086298e-02  -2.0532575e+00  -9.0203058e-01  -4.6698586e-01
  -4.6698586e-01  -2.1302765e-01   2.4951726e-02   2.0870991e+00   8.9086298e-02  -2.0532575e+00  -4.0454607e-01
  -4.0454607e-01  -4.6698586e-01  -2.1302765e-01   3.6511846e-01   2.0870991e+00   8.9086298e-02  -1.5881246e-01
  -1.5881246e-01  -4.0454607e-01  -4.6698586e-01   8.4610553e-01   3.6511846e-01   2.0870991e+00   9.7017811e-02
   9.7017811e-02  -1.5881246e-01  -4.0454607e-01  -1.8453766e-01   8.4610553e-01   3.6511846e-01   2.8472188e-01
   2.8472188e-01   9.7017811e-02  -1.5881246e-01   1.0307144e+00  -1.8453766e-01   8.4610553e-01   4.4001398e-01
   4.4001398e-01   2.8472188e-01   9.7017811e-02  -1.5276227e+00   1.0307144e+00  -1.8453766e-01   4.3947952e-01
   4.3947952e-01   4.4001398e-01   2.8472188e-01   9.6493896e-01  -1.5276227e+00   1.0307144e+00   3.7050091e-01
   3.7050091e-01   4.3947952e-01   4.4001398e-01   5.2616250e-01   9.6493896e-01  -1.5276227e+00   3.9878289e-01
   3.9878289e-01   3.7050091e-01   4.3947952e-01  -1.8445412e-01   5.2616250e-01   9.6493896e-01   3.9775483e-01
   3.9775483e-01   3.9878289e-01   3.7050091e-01   1.9878283e-01  -1.8445412e-01   5.2616250e-01   3.6182950e-01
   3.6182950e-01   3.9775483e-01   3.9878289e-01   1.5904268e+00   1.9878283e-01  -1.8445412e-01   4.4395797e-01
   4.4395797e-01   3.6182950e-01   3.9775483e-01   3.2191640e-02   1.5904268e+00   1.9878283e-01   5.5955027e-01
   5.5955027e-01   4.4395797e-01   3.6182950e-01   8.8916367e-01   3.2191640e-02   1.5904268e+00   6.4773279e-01
   6.4773279e-01   5.5955027e-01   4.4395797e-01  -1.2991525e+00   8.8916367e-01   3.2191640e-02   5.9494816e-01
   5.9494816e-01   6.4773279e-01   5.5955027e-01   1.1825731e+00  -1.2991525e+00   8.8916367e-01   5.1170848e-01
   5.1170848e-01   5.9494816e-01   6.4773279e-01   1.8174717e+00   1.1825731e+00  -1.2991525e+00   6.3435534e-01
   6.3435534e-01   5.1170848e-01   5.9494816e-01  -5.8430213e-01   1.8174717e+00   1.1825731e+00   7.2244743e-01
   7.2244743e-01   6.3435534e-01   5.1170848e-01  -1.0106738e+00  -5.8430213e-01   1.8174717e+00   5.8660165e-01
   5.8660165e-01   7.2244743e-01   6.3435534e-01  -9.6049831e-01  -1.0106738e+00  -5.8430213e-01   3.0359511e-01
   3.0359511e-01   5.8660165e-01   7.2244743e-01   6.9115958e-01  -9.6049831e-01  -1.0106738e+00   9.2880493e-02
   9.2880493e-02   3.0359511e-01   5.8660165e-01  -7.5861821e-01   6.9115958e-01  -9.6049831e-01  -5.7656535e-02
  -5.7656535e-02   9.2880493e-02   3.0359511e-01  -9.6971733e-02  -7.5861821e-01   6.9115958e-01  -2.0170413e-01
  -2.0170413e-01  -5.7656535e-02   9.2880493e-02  -1.4069490e+00  -9.6971733e-02  -7.5861821e-01  -3.8716373e-01
  -3.8716373e-01  -2.0170413e-01  -5.7656535e-02   1.0308125e+00  -1.4069490e+00  -9.6971733e-02  -4.7451831e-01
  -4.7451831e-01  -3.8716373e-01  -2.0170413e-01  -7.5987440e-01   1.0308125e+00  -1.4069490e+00  -4.7243659e-01
  -4.7243659e-01  -4.7451831e-01  -3.8716373e-01   8.7412723e-01  -7.5987440e-01   1.0308125e+00  -4.0687609e-01
  -4.0687609e-01  -4.7243659e-01  -4.7451831e-01   7.6112700e-01   8.7412723e-01  -7.5987440e-01  -2.0883270e-01
  -2.0883270e-01  -4.0687609e-01  -4.7243659e-01  -1.6592345e-01   7.6112700e-01   8.7412723e-01  -3.0608369e-02
  -3.0608369e-02  -2.0883270e-01  -4.0687609e-01   3.0090744e-01  -1.6592345e-01   7.6112700e-01   9.3146450e-02
   9.3146450e-02  -3.0608369e-02  -2.0883270e-01  -3.2246733e-01   3.0090744e-01  -1.6592345e-01   1.5373982e-01
   1.5373982e-01   9.3146450e-02  -3.0608369e-02  -3.6841128e-01  -3.2246733e-01   3.0090744e-01   1.2479196e-01
   1.2479196e-01   1.5373982e-01   9.3146450e-02   1.1478953e+00  -3.6841128e-01  -3.2246733e-01   1.6122389e-01
   1.6122389e-01   1.2479196e-01   1.5373982e-01   4.1430260e-02   1.1478953e+00  -3.6841128e-01   2.4769537e-01
   2.4769537e-01   1.6122389e-01   1.2479196e-01  -1.0980497e+00   4.1430260e-02   1.1478953e+00   1.9195238e-01
   1.9195238e-01   2.4769537e-01   1.6122389e-01   1.5667237e+00  -1.0980497e+00   4.1430260e-02   1.8993051e-01
   1.8993051e-01   1.9195238e-01   2.4769537e-01  -1.0484234e+00   1.5667237e+00  -1.0980497e+00   1.9211407e-01
   1.9211407e-01   1.8993051e-01   1.9195238e-01   4.2272368e-01  -1.0484234e+00   1.5667237e+00   1.3805262e-01
   1.3805262e-01   1.9211407e-01   1.8993051e-01  -8.4441438e-01   4.2272368e-01  -1.0484234e+00   5.3329623e-02
   5.3329623e-02   1.3805262e-01   1.9211407e-01  -3.1162976e-01  -8.4441438e-01   4.2272368e-01  -8.4372312e-02
  -8.4372312e-02   5.3329623e-02   1.3805262e-01   3.9781048e-01  -3.1162976e-01  -8.4441438e-01  -1.4904669e-01
  -1.4904669e-01  -8.4372312e-02   5.3329623e-02   1.0497860e+00   3.9781048e-01  -3.1162976e-01  -6.4100508e-02
  -6.4100508e-02  -1.4904669e-01  -8.4372312e-02  -3.4079556e-01   1.0497860e+00   3.9781048e-01   3.6947860e-02
   3.6947860e-02  -6.4100508e-02  -1.4904669e-01   3.3629700e-01  -3.4079556e-01   1.0497860e+00   9.8448771e-02
   9.8448771e-02   3.6947860e-02  -6.4100508e-02  -2.2136078e-01   3.3629700e-01  -3.4079556e-01   1.3116050e-01
   1.3116050e-01   9.8448771e-02   3.6947860e-02   1.6649494e-02  -2.2136078e-01   3.3629700e-01   1.2474622e-01
   1.2474622e-01   1.3116050e-01   9.8448771e-02  -1.1923612e+00   1.6649494e-02  -2.2136078e-01   1.5517019e-02
   1.5517019e-02   1.2474622e-01   1.3116050e-01  -1.3164630e-01  -1.1923612e+00   1.6649494e-02  -1.4242230e-01
  -1.4242230e-01   1.5517019e-02   1.2474622e-01   1.4875243e+00  -1.3164630e-01  -1.1923612e+00  -1.1549443e-01
  -1.1549443e-01  -1.4242230e-01   1.5517019e-02  -8.3682123e-01   1.4875243e+00  -1.3164630e-01  -5.4588613e-02
  -5.4588613e-02  -1.1549443e-01  -1.4242230e-01  -1.3009819e+00  -8.3682123e-01   1.4875243e+00  -1.7122236e-01
  -1.7122236e-01  -5.4588613e-02  -1.1549443e-01   1.5741319e+00  -1.3009819e+00  -8.3682123e-01  -1.8782787e-01
  -1.8782787e-01  -1.7122236e-01  -5.4588613e-02   1.1660400e+00   1.5741319e+00  -1.3009819e+00   1.7921118e-02
   1.7921118e-02  -1.8782787e-01  -1.7122236e-01   7.8642969e-01   1.1660400e+00   1.5741319e+00   2.8118289e-01
   2.8118289e-01   1.7921118e-02  -1.8782787e-01  -1.4616388e+00   7.8642969e-01   1.1660400e+00   3.5048469e-01
   3.5048469e-01   2.8118289e-01   1.7921118e-02   1.5544659e+00  -1.4616388e+00   7.8642969e-01   3.8357370e-01
   3.8357370e-01   3.5048469e-01   2.8118289e-01  -5.9753538e-01   1.5544659e+00  -1.4616388e+00   4.2304375e-01
   4.2304375e-01   3.8357370e-01   3.5048469e-01  -1.2105679e+00  -5.9753538e-01   1.5544659e+00   2.7009256e-01
   2.7009256e-01   4.2304375e-01   3.8357370e-01  -7.0266880e-01  -1.2105679e+00  -5.9753538e-01   1.4484825e-02
   1.4484825e-02   2.7009256e-01   4.2304375e-01   3.5642939e-01  -7.0266880e-01  -1.2105679e+00  -1.6075079e-01
  -1.6075079e-01   1.4484825e-02   2.7009256e-01   6.5263567e-01   3.5642939e-01  -7.0266880e-01  -1.7589498e-01
  -1.7589498e-01  -1.6075079e-01   1.4484825e-02   2.1567116e-01   6.5263567e-01   3.5642939e-01  -1.0721467e-01
  -1.0721467e-01  -1.7589498e-01  -1.6075079e-01  -2.6389619e-01   2.1567116e-01   6.5263567e-01  -6.1552020e-02
  -6.1552020e-02  -1.0721467e-01  -1.7589498e-01   1.8024402e+00  -2.6389619e-01   2.1567116e-01   9.7059914e-02
   9.7059914e-02  -6.1552020e-02  -1.0721467e-01  -6.4298417e-01   1.8024402e+00  -2.6389619e-01   2.5354629e-01
   2.5354629e-01   9.7059914e-02  -6.1552020e-02   1.0955505e-01  -6.4298417e-01   1.8024402e+00   2.8943654e-01
   2.8943654e-01   2.5354629e-01   9.7059914e-02  -7.1903770e-01   1.0955505e-01  -6.4298417e-01   2.3349200e-01
   2.3349200e-01   2.8943654e-01   2.5354629e-01   4.2062757e-01  -7.1903770e-01   1.0955505e-01   1.6201091e-01
   1.6201091e-01   2.3349200e-01   2.8943654e-01  -1.9311337e+00   4.2062757e-01  -7.1903770e-01  -2.1710081e-02
  -2.1710081e-02   1.6201091e-01   2.3349200e-01   6.6029978e-01  -1.9311337e+00   4.2062757e-01  -2.0797829e-01
  -2.0797829e-01  -2.1710081e-02   1.6201091e-01  -1.1025096e+00   6.6029978e-01  -1.9311337e+00  -3.4373203e-01
  -3.4373203e-01  -2.0797829e-01  -2.1710081e-02  -1.0297064e-01  -1.1025096e+00   6.6029978e-01  -4.7450811e-01
  -4.7450811e-01  -3.4373203e-01  -2.0797829e-01  -1.0598015e+00  -1.0297064e-01  -1.1025096e+00  -5.9836269e-01
  -5.9836269e-01  -4.7450811e-01  -3.4373203e-01  -1.2385659e+00  -1.0598015e+00  -1.0297064e-01  -7.8412959e-01
  -7.8412959e-01  -5.9836269e-01  -4.7450811e-01  -1.8892361e+00  -1.2385659e+00  -1.0598015e+00  -1.0528110e+00
  -1.0528110e+00  -7.8412959e-01  -5.9836269e-01  -9.7358455e-01  -1.8892361e+00  -1.2385659e+00  -1.3167517e+00
  -1.3167517e+00  -1.0528110e+00  -7.8412959e-01   2.1211584e-01  -9.7358455e-01  -1.8892361e+00  -1.3970993e+00
  -1.3970993e+00  -1.3167517e+00  -1.0528110e+00   4.9344199e-01   2.1211584e-01  -9.7358455e-01  -1.2567120e+00
  -1.2567120e+00  -1.3970993e+00  -1.3167517e+00   1.5471766e+00   4.9344199e-01   2.1211584e-01  -8.9395368e-01
  -8.9395368e-01  -1.2567120e+00  -1.3970993e+00   6.4493275e-01   1.5471766e+00   4.9344199e-01  -4.3251468e-01
  -4.3251468e-01  -8.9395368e-01  -1.2567120e+00  -2.1483590e+00   6.4493275e-01   1.5471766e+00  -2.3745325e-01
  -2.3745325e-01  -4.3251468e-01  -8.9395368e-01  -1.0288445e+00  -2.1483590e+00   6.4493275e-01  -3.2126774e-01
  -3.2126774e-01  -2.3745325e-01  -4.3251468e-01  -1.4158212e-01  -1.0288445e+00  -2.1483590e+00  -4.2098510e-01
  -4.2098510e-01  -3.2126774e-01  -2.3745325e-01  -2.5267061e+00  -1.4158212e-01  -1.0288445e+00  -6.4992988e-01
  -6.4992988e-01  -4.2098510e-01  -3.2126774e-01  -3.1298149e-01  -2.5267061e+00  -1.4158212e-01  -9.1942504e-01
  -9.1942504e-01  -6.4992988e-01  -4.2098510e-01  -5.9361762e-01  -3.1298149e-01  -2.5267061e+00  -1.0613804e+00
  -1.0613804e+00  -9.1942504e-01  -6.4992988e-01   3.3232216e-01  -5.9361762e-01  -3.1298149e-01  -1.0576948e+00
  -1.0576948e+00  -1.0613804e+00  -9.1942504e-01   5.5885070e-01   3.3232216e-01  -5.9361762e-01  -8.8617462e-01
  -8.8617462e-01  -1.0576948e+00  -1.0613804e+00   8.9988357e-01   5.5885070e-01   3.3232216e-01  -5.8742847e-01
  -5.8742847e-01  -8.8617462e-01  -1.0576948e+00  -2.0089886e-01   8.9988357e-01   5.5885070e-01  -3.0485466e-01
  -3.0485466e-01  -5.8742847e-01  -8.8617462e-01  -2.3373497e-01  -2.0089886e-01   8.9988357e-01  -1.3583471e-01
  -1.3583471e-01  -3.0485466e-01  -5.8742847e-01   1.4499066e+00  -2.3373497e-01  -2.0089886e-01   7.8845156e-02
   7.8845156e-02  -1.3583471e-01  -3.0485466e-01   1.8361320e+00   1.4499066e+00  -2.3373497e-01   4.4352838e-01
   4.4352838e-01   7.8845156e-02  -1.3583471e-01  -3.8291826e-01   1.8361320e+00   1.4499066e+00   7.1403296e-01
   7.1403296e-01   4.4352838e-01   7.8845156e-02   1.5508274e-01  -3.8291826e-01   1.8361320e+00   7.9520575e-01
   7.9520575e-01   7.1403296e-01   4.4352838e-01  -9.6464825e-01   1.5508274e-01  -3.8291826e-01   7.0108653e-01
   7.0108653e-01   7.9520575e-01   7.1403296e-01   3.8756431e-02  -9.6464825e-01   1.5508274e-01   5.1429121e-01
   5.1429121e-01   7.0108653e-01   7.9520575e-01   7.6545839e-01   3.8756431e-02  -9.6464825e-01   4.1409875e-01
   4.1409875e-01   5.1429121e-01   7.0108653e-01  -5.9452401e-01   7.6545839e-01   3.8756431e-02   3.1724657e-01
   3.1724657e-01   4.1409875e-01   5.1429121e-01   1.3024598e-01  -5.9452401e-01   7.6545839e-01   1.9819985e-01
   1.9819985e-01   3.1724657e-01   4.1409875e-01   3.5013505e-02   1.3024598e-01  -5.9452401e-01   1.1823443e-01
   1.1823443e-01   1.9819985e-01   3.1724657e-01  -6.2467414e-01   3.5013505e-02   1.3024598e-01   1.1203364e-02
   1.1203364e-02   1.1823443e-01   1.9819985e-01  -5.3977524e-01  -6.2467414e-01   3.5013505e-02  -1.3925022e-01
  -1.3925022e-01   1.1203364e-02   1.1823443e-01   1.8799571e+00  -5.3977524e-01  -6.2467414e-01  -1.0432451e-01
  -1.0432451e-01  -1.3925022e-01   1.1203364e-02  -1.0038495e+00   1.8799571e+00  -5.3977524e-01  -2.6590473e-02
  -2.6590473e-02  -1.0432451e-01  -1.3925022e-01  -4.9744588e-01  -1.0038495e+00   1.8799571e+00  -8.3339099e-02
  -8.3339099e-02  -2.6590473e-02  -1.0432451e-01  -1.5043972e+00  -4.9744588e-01  -1.0038495e+00  -2.6191491e-01
  -2.6191491e-01  -8.3339099e-02  -2.6590473e-02  -9.5449299e-02  -1.5043972e+00  -4.9744588e-01  -4.5292714e-01
  -4.5292714e-01  -2.6191491e-01  -8.3339099e-02   3.9672705e-01  -9.5449299e-02  -1.5043972e+00  -4.9970617e-01
  -4.9970617e-01  -4.5292714e-01  -2.6191491e-01  -5.2711491e-01   3.9672705e-01  -9.5449299e-02  -4.9460469e-01
  -4.9460469e-01  -4.9970617e-01  -4.5292714e-01   3.4457106e-01  -5.2711491e-01   3.9672705e-01  -4.5139950e-01
  -4.5139950e-01  -4.9460469e-01  -4.9970617e-01  -7.2329053e-01   3.4457106e-01  -5.2711491e-01  -4.1545053e-01
  -4.1545053e-01  -4.5139950e-01  -4.9460469e-01   1.2681934e+00  -7.2329053e-01   3.4457106e-01  -3.0132478e-01
  -3.0132478e-01  -4.1545053e-01  -4.5139950e-01  -3.1242658e-02   1.2681934e+00  -7.2329053e-01  -1.2044737e-01
  -1.2044737e-01  -3.0132478e-01  -4.1545053e-01   7.7821174e-01  -3.1242658e-02   1.2681934e+00   6.0406313e-02
   6.0406313e-02  -1.2044737e-01  -3.0132478e-01   2.1804836e+00   7.7821174e-01  -3.1242658e-02   3.8871749e-01
   3.8871749e-01   6.0406313e-02  -1.2044737e-01   4.3781368e-01   2.1804836e+00   7.7821174e-01   7.3049107e-01
   7.3049107e-01   3.8871749e-01   6.0406313e-02   1.3333290e+00   4.3781368e-01   2.1804836e+00   1.0014274e+00
   1.0014274e+00   7.3049107e-01   3.8871749e-01   2.5107814e-01   1.3333290e+00   4.3781368e-01   1.1773507e+00
   1.1773507e+00   1.0014274e+00   7.3049107e-01  -3.1047091e-01   2.5107814e-01   1.3333290e+00   1.1617251e+00
   1.1617251e+00   1.1773507e+00   1.0014274e+00  -9.2300372e-01  -3.1047091e-01   2.5107814e-01   9.4544371e-01
   9.4544371e-01   1.1617251e+00   1.1773507e+00  -3.8477574e-01  -9.2300372e-01  -3.1047091e-01   6.3012565e-01
   6.3012565e-01   9.4544371e-01   1.1617251e+00   1.1581806e+00  -3.8477574e-01  -9.2300372e-01   4.4350153e-01
   4.4350153e-01   6.3012565e-01   9.4544371e-01   8.6250019e-01   1.1581806e+00  -3.8477574e-01   4.3294715e-01
   4.3294715e-01   4.4350153e-01   6.3012565e-01  -1.0347056e+00   8.6250019e-01   1.1581806e+00   3.6036389e-01
   3.6036389e-01   4.3294715e-01   4.4350153e-01  -1.9267288e-01  -1.0347056e+00   8.6250019e-01   1.9689355e-01
   1.9689355e-01   3.6036389e-01   4.3294715e-01  -1.2997228e+00  -1.9267288e-01  -1.0347056e+00  -3.7036819e-02
  -3.7036819e-02   1.9689355e-01   3.6036389e-01   3.0659592e-01  -1.2997228e+00  -1.9267288e-01  -2.3794749e-01
  -2.3794749e-01  -3.7036819e-02   1.9689355e-01   9.6899218e-01   3.0659592e-01  -1.2997228e+00  -2.3942764e-01
  -2.3942764e-01  -2.3794749e-01  -3.7036819e-02  -7.4731713e-01   9.6899218e-01   3.0659592e-01  -2.1125877e-01
  -2.1125877e-01  -2.3942764e-01  -2.3794749e-01  -2.7960244e+00  -7.4731713e-01   9.6899218e-01  -4.4474116e-01
  -4.4474116e-01  -2.1125877e-01  -2.3942764e-01   6.9673155e-01  -2.7960244e+00  -7.4731713e-01  -6.7500363e-01
  -6.7500363e-01  -4.4474116e-01  -2.1125877e-01   3.2069075e+00   6.9673155e-01  -2.7960244e+00  -4.4869073e-01
  -4.4869073e-01  -6.7500363e-01  -4.4474116e-01   5.3600704e-01   3.2069075e+00   6.9673155e-01  -1.0816104e-02
  -1.0816104e-02  -4.4869073e-01  -6.7500363e-01   2.9845054e-01   5.3600704e-01   3.2069075e+00   3.1527145e-01
   3.1527145e-01  -1.0816104e-02  -4.4869073e-01   2.8404316e-01   2.9845054e-01   5.3600704e-01   5.2477642e-01
   5.2477642e-01   3.1527145e-01  -1.0816104e-02   9.5966437e-01   2.8404316e-01   2.9845054e-01   6.9566234e-01
   6.9566234e-01   5.2477642e-01   3.1527145e-01   2.0875931e+00   9.5966437e-01   2.8404316e-01   9.6092675e-01
   9.6092675e-01   6.9566234e-01   5.2477642e-01   1.5246805e+00   2.0875931e+00   9.5966437e-01   1.2885720e+00
   1.2885720e+00   9.6092675e-01   6.9566234e-01  -1.9526079e-01   1.5246805e+00   2.0875931e+00   1.4484804e+00
   1.4484804e+00   1.2885720e+00   9.6092675e-01   1.7260316e-02  -1.9526079e-01   1.5246805e+00   1.3928530e+00
   1.3928530e+00   1.4484804e+00   1.2885720e+00   2.4634044e-01   1.7260316e-02  -1.9526079e-01   1.2442719e+00
   1.2442719e+00   1.3928530e+00   1.4484804e+00  -8.5448472e-01   2.4634044e-01   1.7260316e-02   9.8204818e-01
   9.8204818e-01   1.2442719e+00   1.3928530e+00   1.1577827e+00  -8.5448472e-01   2.4634044e-01   7.6195935e-01
   7.6195935e-01   9.8204818e-01   1.2442719e+00   1.6190772e-01   1.1577827e+00  -8.5448472e-01   6.4470720e-01
   6.4470720e-01   7.6195935e-01   9.8204818e-01   1.5570638e+00   1.6190772e-01   1.1577827e+00   6.4497565e-01
   6.4497565e-01   6.4470720e-01   7.6195935e-01  -1.9354386e-01   1.5570638e+00   1.6190772e-01   6.7135784e-01
   6.7135784e-01   6.4497565e-01   6.4470720e-01   1.6513012e+00  -1.9354386e-01   1.5570638e+00   7.3981344e-01
   7.3981344e-01   6.7135784e-01   6.4497565e-01  -1.8987782e+00   1.6513012e+00  -1.9354386e-01   6.6972928e-01
   6.6972928e-01   7.3981344e-01   6.7135784e-01   1.8225248e+00  -1.8987782e+00   1.6513012e+00   5.7928186e-01
   5.7928186e-01   6.6972928e-01   7.3981344e-01  -1.5184151e+00   1.8225248e+00  -1.8987782e+00   4.6997325e-01
   4.6997325e-01   5.7928186e-01   6.6972928e-01  -1.0510706e+00  -1.5184151e+00   1.8225248e+00   1.7331574e-01
   1.7331574e-01   4.6997325e-01   5.7928186e-01   4.9930513e-02  -1.0510706e+00  -1.5184151e+00  -8.9757916e-02
  -8.9757916e-02   1.7331574e-01   4.6997325e-01  -1.4547489e+00   4.9930513e-02  -1.0510706e+00  -3.5222729e-01
  -3.5222729e-01  -8.9757916e-02   1.7331574e-01   4.6654585e-01  -1.4547489e+00   4.9930513e-02  -5.3748983e-01
  -5.3748983e-01  -3.5222729e-01  -8.9757916e-02   5.4543684e-01   4.6654585e-01  -1.4547489e+00  -5.2313539e-01
  -5.2313539e-01  -5.3748983e-01  -3.5222729e-01   1.3203191e+00   5.4543684e-01   4.6654585e-01  -3.2255181e-01
  -3.2255181e-01  -5.2313539e-01  -5.3748983e-01  -4.0449433e-01   1.3203191e+00   5.4543684e-01  -1.1314885e-01
  -1.1314885e-01  -3.2255181e-01  -5.2313539e-01   4.1846851e-01  -4.0449433e-01   1.3203191e+00   3.0909759e-02
   3.0909759e-02  -1.1314885e-01  -3.2255181e-01   2.4734875e-01   4.1846851e-01  -4.0449433e-01   1.6282531e-01
   1.6282531e-01   3.0909759e-02  -1.1314885e-01   7.0411032e-01   2.4734875e-01   4.1846851e-01   2.9921856e-01
   2.9921856e-01   1.6282531e-01   3.0909759e-02   6.3193885e-01   7.0411032e-01   2.4734875e-01   4.4990669e-01
   4.4990669e-01   2.9921856e-01   1.6282531e-01  -9.9236211e-01   6.3193885e-01   7.0411032e-01   4.6129692e-01
   4.6129692e-01   4.4990669e-01   2.9921856e-01   1.7667084e+00  -9.9236211e-01   6.3193885e-01   4.9667257e-01
   4.9667257e-01   4.6129692e-01   4.4990669e-01  -3.8210364e-01   1.7667084e+00  -9.9236211e-01   5.5777900e-01
   5.5777900e-01   4.9667257e-01   4.6129692e-01  -9.1142542e-01  -3.8210364e-01   1.7667084e+00   4.4292976e-01
   4.4292976e-01   5.5777900e-01   4.9667257e-01  -9.9608998e-01  -9.1142542e-01  -3.8210364e-01   1.9043133e-01
   1.9043133e-01   4.4292976e-01   5.5777900e-01   1.1951426e+00  -9.9608998e-01  -9.1142542e-01   4.6686927e-02
   4.6686927e-02   1.9043133e-01   4.4292976e-01  -1.5944778e-01   1.1951426e+00  -9.9608998e-01   2.2348337e-02
   2.2348337e-02   4.6686927e-02   1.9043133e-01   2.7040260e+00  -1.5944778e-01   1.1951426e+00   2.0867778e-01
   2.0867778e-01   2.2348337e-02   4.6686927e-02  -1.9849992e-01   2.7040260e+00  -1.5944778e-01   4.6662438e-01
   4.6662438e-01   2.0867778e-01   2.2348337e-02  -1.4140461e-01  -1.9849992e-01   2.7040260e+00   5.5323410e-01
   5.5323410e-01   4.6662438e-01   2.0867778e-01   4.1126793e-01  -1.4140461e-01  -1.9849992e-01   5.7502471e-01
   5.7502471e-01   5.5323410e-01   4.6662438e-01  -1.1790597e+00   4.1126793e-01  -1.4140461e-01   4.6656533e-01
   4.6656533e-01   5.7502471e-01   5.5323410e-01  -2.7777551e-01  -1.1790597e+00   4.1126793e-01   2.5456461e-01
   2.5456461e-01   4.6656533e-01   5.7502471e-01  -1.5810534e+00  -2.7777551e-01  -1.1790597e+00  -4.2391774e-02
  -4.2391774e-02   2.5456461e-01   4.6656533e-01   1.0490223e+00  -1.5810534e+00  -2.7777551e-01  -2.4112542e-01
  -2.4112542e-01  -4.2391774e-02   2.5456461e-01   3.0268904e-01   1.0490223e+00  -1.5810534e+00  -2.4402532e-01
  -2.4402532e-01  -2.4112542e-01  -4.2391774e-02  -1.2265023e+00   3.0268904e-01   1.0490223e+00  -2.9876058e-01
  -2.9876058e-01  -2.4402532e-01  -2.4112542e-01   6.9600095e-02  -1.2265023e+00   3.0268904e-01  -3.7940832e-01
  -3.7940832e-01  -2.9876058e-01  -2.4402532e-01  -3.9651621e-01   6.9600095e-02  -1.2265023e+00  -4.1809711e-01
  -4.1809711e-01  -3.7940832e-01  -2.9876058e-01   1.3888068e+00  -3.9651621e-01   6.9600095e-02  -3.1754608e-01
  -3.1754608e-01  -4.1809711e-01  -3.7940832e-01   1.3644223e+00   1.3888068e+00  -3.9651621e-01  -2.4825713e-02
  -2.4825713e-02  -3.1754608e-01  -4.1809711e-01   6.5815264e-01   1.3644223e+00   1.3888068e+00   2.9845954e-01
   2.9845954e-01  -2.4825713e-02  -3.1754608e-01   4.9131367e-01   6.5815264e-01   1.3644223e+00   5.4836831e-01
   5.4836831e-01   2.9845954e-01  -2.4825713e-02   8.0073370e-01   4.9131367e-01   6.5815264e-01   7.4276622e-01
   7.4276622e-01   5.4836831e-01   2.9845954e-01  -7.6726900e-01   8.0073370e-01   4.9131367e-01   7.8125938e-01
   7.8125938e-01   7.4276622e-01   5.4836831e-01   3.6441950e-01  -7.6726900e-01   8.0073370e-01   7.0607635e-01
   7.0607635e-01   7.8125938e-01   7.4276622e-01  -3.9791385e-01   3.6441950e-01  -7.6726900e-01   5.8469051e-01
   5.8469051e-01   7.0607635e-01   7.8125938e-01   8.6427958e-01  -3.9791385e-01   3.6441950e-01   4.9595070e-01
   4.9595070e-01   5.8469051e-01   7.0607635e-01  -1.7761808e-01   8.6427958e-01  -3.9791385e-01   4.3768804e-01
   4.3768804e-01   4.9595070e-01   5.8469051e-01   1.8743805e+00  -1.7761808e-01   8.6427958e-01   4.9619664e-01
   4.9619664e-01   4.3768804e-01   4.9595070e-01   1.7240023e-01   1.8743805e+00  -1.7761808e-01   6.2249368e-01
   6.2249368e-01   4.9619664e-01   4.3768804e-01   1.2717435e+00   1.7240023e-01   1.8743805e+00   7.5070999e-01
   7.5070999e-01   6.2249368e-01   4.9619664e-01  -3.5344368e-02   1.2717435e+00   1.7240023e-01   8.3776870e-01
   8.3776870e-01   7.5070999e-01   6.2249368e-01  -1.5013288e+00  -3.5344368e-02   1.2717435e+00   6.8799041e-01
   6.8799041e-01   8.3776870e-01   7.5070999e-01   3.6537341e-01  -1.5013288e+00  -3.5344368e-02   4.5872284e-01
   4.5872284e-01   6.8799041e-01   8.3776870e-01  -1.9865986e-01   3.6537341e-01  -1.5013288e+00   2.8383139e-01
   2.8383139e-01   4.5872284e-01   6.8799041e-01  -1.3897217e+00  -1.9865986e-01   3.6537341e-01   2.6998834e-02
   2.6998834e-02   2.8383139e-01   4.5872284e-01   2.2932781e-01  -1.3897217e+00  -1.9865986e-01  -2.0616067e-01
  -2.0616067e-01   2.6998834e-02   2.8383139e-01   2.7119024e-01   2.2932781e-01  -1.3897217e+00  -2.9065181e-01
  -2.9065181e-01  -2.0616067e-01   2.6998834e-02  -3.6636022e-01   2.7119024e-01   2.2932781e-01  -3.2438915e-01
  -3.2438915e-01  -2.9065181e-01  -2.0616067e-01   1.3769604e+00  -3.6636022e-01   2.7119024e-01  -2.2883337e-01
  -2.2883337e-01  -3.2438915e-01  -2.9065181e-01  -7.9753276e-01   1.3769604e+00  -3.6636022e-01  -1.1954523e-01
  -1.1954523e-01  -2.2883337e-01  -3.2438915e-01  -9.3674061e-01  -7.9753276e-01   1.3769604e+00  -1.6906547e-01
  -1.6906547e-01  -1.1954523e-01  -2.2883337e-01  -2.4334655e-03  -9.3674061e-01  -7.9753276e-01  -2.4551080e-01
  -2.4551080e-01  -1.6906547e-01  -1.1954523e-01   3.9608617e-01  -2.4334655e-03  -9.3674061e-01  -2.3682240e-01
  -2.3682240e-01  -2.4551080e-01  -1.6906547e-01  -5.0869317e-01   3.9608617e-01  -2.4334655e-03  -2.2225209e-01
  -2.2225209e-01  -2.3682240e-01  -2.4551080e-01  -2.6828578e-01  -5.0869317e-01   3.9608617e-01  -2.4705180e-01
